69	69
73	KING1
84	84
90	90
96	96
97	97
98	98
100	100
101	101
102	KING967
103	103
105	105
106	106
108	KING2
113	113
114	114
115	115
120	120
122	122
125	125
128	128
130	KING3
131	KING4
133	133
134	134
135	KING5
136	KING5
140	140
141	141
144	144
147	147
148	148
149	KING6
150	150
151	151
155	155
156	156
157	157
158	158
159	159
160	KING7
161	KING8
162	162
164	164
165	165
167	KING9
169	169
170	170
171	KING10
173	173
174	KING11
175	KING6
177	177
180	180
182	KING12
186	186
191	191
192	192
193	193
195	195
196	196
198	198
201	201
204	KING1
205	KING13
207	KING14
208	KING15
209	KING16
211	KING17
214	214
215	KING18
216	KING19
218	218
220	KING20
223	KING21
227	227
228	228
229	229
230	230
231	231
233	KING7
235	KING22
239	239
240	240
241	241
243	243
247	KING23
249	249
250	250
251	251
255	255
256	KING10
268	268
269	KING24
270	270
272	272
273	KING25
276	KING26
277	277
278	KING8
279	KING16
285	285
288	KING27
289	289
290	290
291	KING13
292	292
293	KING28
295	295
296	KING29
300	300
301	KING30
302	KING31
304	KING32
305	305
307	307
308	KING33
309	309
316	316
317	KING15
318	318
319	319
321	KING34
322	322
323	KING35
325	325
326	326
327	327
328	KING36
331	KING37
333	333
334	KING38
336	KING39
337	KING39
338	338
339	339
340	340
342	KING40
343	343
344	344
347	347
348	348
351	KING41
352	352
355	355
357	357
358	KING42
360	360
362	362
365	KING43
366	366
368	KING44
372	372
376	376
379	379
380	380
384	384
386	386
387	387
388	388
389	389
390	390
391	KING45
393	393
395	KING10
396	KING10
397	KING10
404	404
406	KING22
407	KING4
409	409
410	410
412	412
415	KING7
417	KING3
418	418
419	KING14
423	423
425	425
426	426
429	429
431	431
432	KING46
433	433
434	434
435	435
436	436
440	440
444	444
445	445
446	KING47
447	447
453	KING36
459	KING48
463	463
464	KING49
465	465
472	KING33
473	KING17
475	475
476	476
478	478
480	KING32
481	KING9
482	482
483	483
484	484
486	KING21
487	487
488	488
489	489
492	492
497	497
508	508
509	509
511	511
519	KING50
521	521
522	522
523	523
524	524
525	KING51
526	526
528	528
530	530
532	532
534	KING27
536	536
539	KING52
542	KING53
543	543
544	KING37
546	546
547	547
548	KING54
550	KING46
551	551
561	KING29
562	KING55
583	583
584	584
588	588
592	KING56
596	596
597	597
600	KING19
602	KING57
603	KING58
605	605
608	608
614	614
616	616
617	KING59
618	KING60
619	KING61
620	KING62
621	KING38
623	623
627	KING52
628	628
631	631
632	KING63
638	638
639	KING64
640	640
644	KING26
647	KING42
650	650
652	KING65
654	654
656	656
658	KING66
667	KING67
668	KING68
669	669
670	670
671	671
672	672
676	676
677	KING69
678	KING17
679	KING70
683	683
685	685
689	KING34
695	695
696	KING71
698	698
700	700
702	702
703	703
704	KING72
708	708
709	709
713	713
716	KING73
720	720
721	KING31
724	724
727	727
729	729
731	731
732	732
734	KING74
740	740
741	KING48
743	743
745	KING75
747	747
748	KING76
749	KING77
751	751
754	754
756	KING47
757	757
758	758
759	759
761	761
763	763
764	764
767	767
773	773
774	774
782	782
783	783
786	786
787	787
788	KING78
789	789
790	790
791	791
792	792
794	794
795	KING79
796	796
797	KING80
800	KING53
805	KING56
814	KING81
818	818
819	819
820	KING82
822	822
823	823
825	KING83
826	KING84
832	832
834	KING17
835	835
836	836
838	838
839	KING85
842	842
846	KING86
849	849
853	KING55
854	KING87
855	855
857	KING88
858	858
859	859
860	860
862	862
863	863
866	866
867	867
869	869
870	KING20
871	871
873	KING11
874	874
875	875
876	876
877	877
878	878
879	879
880	880
884	KING89
885	KING90
886	KING91
887	887
891	891
893	893
897	897
898	898
899	KING92
901	KING50
904	904
908	908
911	KING70
913	KING72
914	914
915	KING93
916	916
920	KING94
921	921
922	922
925	925
927	927
930	930
932	KING95
933	KING96
935	935
937	937
940	940
941	KING97
946	KING98
947	KING99
949	949
953	KING100
956	KING68
957	KING68
962	KING40
963	963
964	KING38
966	966
967	967
968	968
969	KING101
971	971
974	KING102
975	KING103
976	976
978	978
983	KING57
984	984
986	986
987	987
988	988
989	KING79
990	990
991	991
995	KING30
999	999
1000	KING73
1001	1001
1003	1003
1011	1011
1012	1012
1013	1013
1014	1014
1015	KING104
1017	KING105
1018	1018
1019	1019
1022	1022
1024	KING44
1025	KING85
1028	1028
1031	1031
1033	1033
1036	1036
1037	KING106
1039	1039
1041	1041
1042	1042
1043	KING107
1051	1051
1052	KING108
1053	KING109
1055	KING110
1056	1056
1059	1059
1061	1061
1063	1063
1064	1064
1065	1065
1066	KING111
1067	1067
1068	1068
1069	1069
1072	1072
1073	1073
1075	1075
1079	KING112
1081	KING10
1082	KING10
1084	1084
1090	KING113
1093	KING114
1097	KING115
1099	KING116
1100	KING117
1103	1103
1104	1104
1107	1107
1109	KING117
1112	1112
1113	KING19
1114	1114
1116	1116
1117	1117
1120	KING118
1122	KING119
1123	1123
1124	KING120
1125	1125
1129	KING121
1134	1134
1136	1136
1139	1139
1144	1144
1145	KING122
1150	1150
1153	KING123
1154	KING123
1155	1155
1157	1157
1159	KING124
1160	KING124
1161	KING125
1162	1162
1163	1163
1164	KING126
1165	1165
1166	1166
1169	KING87
1170	1170
1171	1171
1172	1172
1178	KING127
1179	1179
1180	KING10
1186	KING128
1187	1187
1189	KING129
1190	1190
1192	1192
1194	1194
1195	1195
1198	1198
1202	1202
1203	KING130
1205	1205
1208	KING131
1211	1211
1214	1214
1218	KING132
1219	KING133
1223	1223
1224	1224
1226	KING103
1229	1229
1230	KING41
1231	1231
1232	1232
1234	1234
1235	1235
1236	1236
1237	1237
1238	1238
1241	1241
1242	KING134
1244	1244
1245	1245
1247	1247
1248	1248
1250	1250
1253	1253
1254	1254
1255	KING135
1256	KING136
1257	1257
1258	KING137
1259	1259
1267	1267
1269	KING15
1270	1270
1271	1271
1272	1272
1273	1273
1274	KING49
1277	1277
1278	1278
1280	1280
1281	KING138
1282	1282
1284	KING139
1285	KING67
1287	1287
1289	1289
1290	KING140
1297	KING44
1299	KING141
1300	KING142
1301	KING63
1304	KING143
1305	KING51
1306	KING144
1308	KING145
1309	1309
1310	KING146
1311	KING65
1312	KING62
1313	KING147
1317	1317
1319	1319
1320	1320
1323	1323
1330	1330
1331	KING99
1332	KING148
1333	1333
1334	1334
1335	1335
1336	1336
1337	1337
1339	1339
1340	KING149
1343	1343
1348	1348
1350	1350
1352	KING150
1354	KING73
1355	1355
1356	KING78
1357	1357
1363	1363
1364	1364
1366	KING136
1367	1367
1368	1368
1369	1369
1370	1370
1371	KING151
1372	1372
1373	1373
1374	KING83
1375	1375
1376	KING152
1377	1377
1379	1379
1380	1380
1382	1382
1383	KING147
1385	KING54
1386	1386
1389	KING153
1390	KING154
1391	1391
1393	1393
1395	KING155
1398	KING74
1400	1400
1401	1401
1402	1402
1403	1403
1404	1404
1406	KING156
1407	KING156
1412	1412
1414	1414
1418	1418
1419	1419
1420	KING157
1421	KING158
1422	1422
1423	1423
1424	1424
1430	1430
1435	1435
1440	1440
1441	1441
1442	KING159
1445	KING31
1448	1448
1450	1450
1451	KING97
1452	1452
1455	KING113
1459	1459
1460	1460
1461	1461
1463	1463
1464	KING160
1465	KING90
1471	KING158
1475	1475
1477	1477
1479	1479
1480	1480
1485	1485
1488	1488
1490	1490
1491	1491
1493	KING161
1494	1494
1495	1495
1498	1498
1506	1506
1509	KING162
1513	KING94
1515	1515
1516	KING115
1521	1521
1522	1522
1523	KING163
1524	KING120
1526	KING164
1527	1527
1528	KING162
1531	1531
1532	1532
1533	1533
1542	1542
1544	1544
1545	1545
1546	1546
1547	KING101
1548	1548
1551	1551
1555	KING92
1556	KING165
1557	1557
1561	KING96
1563	1563
1565	KING105
1567	KING166
1568	1568
1569	KING167
1570	1570
1572	1572
1573	1573
1575	KING102
1576	1576
1580	1580
1586	1586
1590	KING168
1591	KING169
1593	1593
1594	1594
1596	1596
1601	1601
1604	1604
1606	1606
1607	KING41
1608	1608
1617	1617
1618	1618
1626	1626
1627	1627
1630	1630
1633	1633
1635	1635
1637	1637
1638	1638
1641	KING170
1643	1643
1645	KING95
1646	1646
1649	1649
1650	KING109
1651	KING171
1652	KING121
1653	1653
1655	KING172
1660	1660
1661	KING173
1662	1662
1663	1663
1665	1665
1666	1666
1667	1667
1671	1671
1673	KING133
1675	1675
1677	1677
1679	1679
1680	1680
1684	KING174
1685	KING118
1686	KING175
1688	1688
1689	1689
1691	KING176
1692	KING177
1694	1694
1699	KING48
1702	1702
1704	1704
1708	KING178
1709	KING179
1710	KING48
1711	KING89
1715	KING180
1720	1720
1721	KING181
1722	1722
1724	1724
1725	1725
1728	1728
1729	1729
1730	KING182
1733	KING183
1735	KING184
1736	1736
1737	1737
1738	1738
1739	KING93
1741	KING185
1743	1743
1745	1745
1747	KING179
1748	KING186
1752	1752
1753	1753
1754	KING187
1757	1757
1758	1758
1759	1759
1761	KING152
1762	1762
1764	1764
1768	KING10
1770	1770
1772	KING188
1774	1774
1775	KING28
1776	1776
1778	KING108
1785	KING189
1788	1788
1789	KING190
1790	1790
1791	1791
1795	KING82
1796	KING191
1798	1798
1799	KING192
1801	1801
1803	1803
1805	KING82
1807	KING193
1808	1808
1810	1810
1814	1814
1816	1816
1817	KING194
1818	KING195
1820	1820
1821	1821
1822	1822
1826	1826
1829	KING196
1832	KING197
1833	1833
1834	1834
1835	1835
1836	1836
1838	1838
1839	1839
1840	KING198
1842	KING199
1843	KING43
1845	KING200
1846	1846
1850	1850
1851	1851
1852	1852
1856	1856
1858	1858
1862	1862
1866	1866
1868	1868
1869	KING201
1875	1875
1880	KING159
1882	KING202
1884	1884
1885	KING203
1888	KING128
1889	1889
1890	1890
1891	KING114
1894	KING204
1895	1895
1897	KING205
1899	1899
1900	1900
1901	1901
1902	1902
1903	1903
1906	1906
1907	KING206
1908	1908
1910	1910
1911	KING207
1912	1912
1913	KING208
1915	KING209
1916	1916
1919	1919
1920	1920
1921	1921
1922	1922
1925	KING75
1929	1929
1930	1930
1931	KING166
1932	1932
1934	1934
1935	KING210
1936	1936
1939	1939
1940	1940
1941	1941
1946	1946
1948	1948
1952	KING211
1954	1954
1955	KING88
1956	1956
1958	KING116
1965	1965
1966	KING212
1968	1968
1969	KING213
1971	KING212
1974	1974
1976	1976
1979	1979
1980	1980
1984	1984
1985	KING214
1988	1988
1990	KING215
1993	1993
1994	1994
1995	KING132
2000	KING216
2002	2002
2003	2003
2004	2004
2006	2006
2007	2007
2009	2009
2014	KING217
2016	2016
2019	2019
2020	2020
2021	2021
2022	2022
2024	2024
2025	2025
2026	2026
2027	KING116
2029	KING218
2033	2033
2034	2034
2035	2035
2036	KING126
2040	2040
2042	2042
2043	2043
2046	KING219
2047	2047
2050	KING84
2051	KING220
2052	2052
2058	2058
2059	2059
2060	KING221
2061	2061
2066	2066
2068	KING100
2069	2069
2071	2071
2073	KING222
2074	KING223
2076	2076
2077	2077
2084	2084
2085	2085
2089	2089
2090	2090
2091	KING125
2092	2092
2093	2093
2096	KING224
2098	2098
2099	2099
2100	2100
2103	KING225
2105	KING226
2106	KING227
2107	2107
2108	2108
2109	2109
2110	KING228
2111	2111
2114	KING228
2115	KING147
2116	2116
2117	KING147
2121	KING229
2122	2122
2123	2123
2124	2124
2125	2125
2128	2128
2129	KING157
2130	KING230
2131	KING231
2132	2132
2133	2133
2137	KING232
2139	KING233
2140	2140
2141	2141
2142	2142
2144	2144
2146	2146
2150	2150
2151	KING129
2152	2152
2154	2154
2156	2156
2157	2157
2159	2159
2160	2160
2162	KING234
2163	2163
2164	2164
2166	2166
2168	2168
2179	KING235
2180	2180
2181	2181
2182	2182
2184	KING236
2185	2185
2188	KING237
2189	KING10
2190	KING155
2191	2191
2192	2192
2196	KING169
2197	2197
2207	2207
2208	2208
2210	KING238
2211	2211
2213	2213
2214	2214
2216	2216
2219	KING188
2222	KING176
2223	2223
2225	KING98
2226	2226
2233	2233
2234	2234
2235	2235
2236	KING239
2237	2237
2239	2239
2242	KING168
2243	2243
2245	KING240
2246	2246
2247	2247
2248	2248
2250	2250
2255	2255
2260	2260
2264	KING138
2265	KING148
2266	2266
2267	KING153
2269	KING199
2278	KING104
2280	KING194
2282	2282
2283	KING241
2284	2284
2285	KING242
2288	2288
2289	2289
2290	KING243
2293	2293
2299	2299
2300	2300
2304	KING244
2305	2305
2306	KING245
2307	KING244
2308	2308
2309	2309
2315	2315
2316	2316
2317	2317
2319	KING246
2323	KING247
2324	2324
2325	KING248
2328	2328
2329	KING48
2330	2330
2331	2331
2333	2333
2338	KING96
2343	2343
2345	KING199
2347	KING249
2348	2348
2350	KING170
2351	KING170
2352	KING250
2355	KING251
2356	2356
2364	KING77
2365	KING77
2369	2369
2372	2372
2373	2373
2377	KING205
2378	2378
2391	KING196
2392	2392
2396	KING205
2397	2397
2405	KING252
2407	KING10
2410	2410
2412	KING189
2413	KING253
2417	KING254
2426	2426
2427	2427
2428	KING255
2430	KING256
2432	KING99
2435	KING257
2438	2438
2440	KING99
2447	2447
2450	KING173
2455	2455
2457	2457
2458	KING258
2459	KING259
2460	2460
2465	2465
2466	2466
2467	2467
2468	2468
2469	2469
2472	KING137
2474	2474
2475	2475
2476	2476
2478	2478
2479	2479
2484	KING164
2489	KING203
2490	KING144
2491	KING260
2492	2492
2494	2494
2498	2498
2505	2505
2507	2507
2508	2508
2509	2509
2510	2510
2515	KING65
2520	KING219
2522	2522
2530	KING48
2533	2533
2535	2535
2537	2537
2538	KING261
2540	2540
2544	2544
2546	2546
2553	2553
2557	2557
2558	2558
2559	2559
2560	2560
2563	2563
2564	2564
2567	KING181
2569	2569
2570	KING197
2572	KING175
2584	KING262
2585	2585
2587	2587
2589	KING187
2590	KING263
2594	2594
2596	KING94
2597	2597
2598	2598
2599	KING264
2603	KING265
2605	KING127
2609	KING266
2612	2612
2614	2614
2615	KING267
2618	2618
2620	KING73
2623	2623
2624	2624
2627	KING218
2628	2628
2629	KING268
2632	2632
2647	2647
2648	2648
2649	2649
2661	KING269
2662	2662
2663	KING270
2664	2664
2678	KING271
2680	2680
2682	2682
2683	KING239
2684	2684
2685	KING272
2686	KING233
2691	2691
2692	2692
2695	KING119
2697	2697
2698	KING273
2705	KING274
2708	2708
2711	2711
2724	2724
2727	2727
2728	2728
2731	2731
2738	2738
2739	2739
2740	KING146
2741	KING185
2743	2743
2747	2747
2749	2749
2752	2752
2753	2753
2755	2755
2758	2758
2760	2760
2764	KING66
2775	2775
2778	KING172
2779	2779
2783	2783
2784	KING20
2785	2785
2793	KING232
2795	KING151
2800	KING275
2804	KING276
2806	KING277
2807	2807
2808	2808
2809	KING112
2810	2810
2811	KING247
2813	2813
2822	2822
2827	2827
2832	KING278
2833	2833
2834	2834
2835	2835
2837	2837
2840	2840
2844	2844
2855	2855
2858	2858
2859	2859
2862	2862
2864	2864
2865	KING227
2869	2869
2870	2870
2871	KING135
2872	KING135
2876	2876
2877	2877
2879	KING279
2881	KING280
2886	KING10
2887	2887
2888	2888
2892	2892
2893	KING143
2898	KING88
2899	KING281
2902	KING230
2904	KING282
2907	2907
2908	KING235
2915	2915
2916	2916
2917	KING283
2919	KING284
2927	2927
2928	KING197
2929	KING229
2930	KING285
2931	2931
2934	KING286
2936	2936
2937	KING287
2939	2939
2940	2940
2941	KING171
2942	KING288
2945	2945
2952	KING234
2955	2955
2957	2957
2958	KING289
2961	2961
2962	KING290
2963	KING226
2964	2964
2965	KING291
2968	KING286
2969	2969
2972	KING204
2973	2973
2974	2974
2975	2975
2980	2980
2987	2987
2988	2988
2994	2994
2995	KING257
2997	2997
2998	2998
3000	3000
3001	3001
3016	3016
3017	3017
3018	KING292
3020	KING210
3021	3021
3022	3022
3026	KING238
3031	3031
3033	KING193
3036	3036
3037	KING201
3038	3038
3051	3051
3052	KING182
3055	3055
3057	3057
3058	KING293
3072	3072
3081	KING258
3082	3082
3083	3083
3086	3086
3088	3088
3094	KING259
3096	3096
3101	3101
3103	3103
3108	3108
3123	3123
3125	KING294
3126	KING295
3127	3127
3128	3128
3129	3129
3130	3130
3141	3141
3142	KING296
3143	3143
3144	3144
3146	KING297
3147	KING144
3148	3148
3149	KING118
3150	3150
3156	KING298
3160	3160
3161	3161
3162	3162
3163	3163
3169	3169
3171	KING236
3188	KING154
3190	3190
3192	KING268
3193	KING217
3194	3194
3207	3207
3210	3210
3211	3211
3214	3214
3216	3216
3218	3218
3219	KING299
3220	KING300
3222	3222
3233	KING104
3236	KING301
3237	3237
3238	KING302
3239	3239
3241	3241
3243	3243
3244	3244
3245	KING303
3262	3262
3263	3263
3264	KING86
3265	KING208
3266	3266
3267	3267
3269	3269
3271	3271
3272	3272
3282	3282
3284	3284
3289	KING211
3290	KING304
3294	3294
3295	3295
3303	KING206
3305	KING100
3307	KING305
3308	3308
3309	3309
3318	3318
3320	3320
3324	KING306
3326	3326
3340	3340
3341	KING307
3342	3342
3344	3344
3346	KING308
3349	KING309
3350	KING285
3354	3354
3355	3355
3361	KING226
3363	KING191
3364	KING248
3365	KING160
3374	KING310
3376	KING140
3377	KING311
3378	3378
3380	3380
3388	KING223
3396	KING77
3397	3397
3398	KING274
3404	KING77
3407	3407
3412	KING249
3413	KING249
3416	3416
3417	KING109
3418	KING145
3422	3422
3423	3423
3425	3425
3431	KING312
3448	3448
3449	3449
3450	3450
3456	KING264
3465	KING313
3466	KING97
3475	KING314
3477	KING215
3478	3478
3480	KING237
3482	3482
3483	3483
3487	KING315
3492	KING255
3493	3493
3496	3496
3507	3507
3508	3508
3509	KING316
3512	3512
3513	3513
3516	KING317
3517	KING318
3527	3527
3528	3528
3529	KING150
3532	KING271
3533	KING280
3534	3534
3545	KING225
3546	KING265
3548	3548
3549	3549
3550	3550
3552	3552
3553	3553
3554	KING65
3560	3560
3562	3562
3563	KING319
3565	3565
3569	3569
3571	3571
3572	KING320
3580	3580
3582	3582
3586	KING180
3588	3588
3589	3589
3597	3597
3598	3598
3605	3605
3607	3607
3610	KING321
3616	KING322
3617	3617
3618	3618
3619	3619
3626	KING323
3628	3628
3630	3630
3640	3640
3646	3646
3648	KING324
3649	3649
3651	KING325
3660	KING267
3661	KING326
3663	3663
3664	KING327
3665	3665
3666	3666
3667	3667
3668	3668
3678	3678
3681	3681
3683	KING112
3684	3684
3685	3685
3688	KING184
3690	KING328
3692	KING329
3694	3694
3695	3695
3698	KING330
3701	3701
3703	3703
3704	3704
3705	3705
3706	3706
3710	3710
3711	3711
3718	KING331
3725	3725
3726	3726
3733	KING332
3737	3737
3738	3738
3741	3741
3743	3743
3746	KING294
3760	3760
3762	3762
3763	3763
3764	3764
3767	3767
3778	3778
3780	KING69
3781	KING333
3782	3782
3783	KING129
3785	3785
3786	3786
3788	3788
3792	3792
3794	KING192
3795	KING311
3801	3801
3805	3805
3807	KING80
3817	3817
3830	3830
3839	KING968
3857	KING334
3860	3860
3862	3862
3865	3865
3881	3881
3884	3884
3885	KING335
3887	KING291
3889	3889
3890	KING336
3896	3896
3899	3899
3902	3902
3903	KING337
3907	KING261
3911	3911
3913	3913
3914	3914
3915	3915
3918	3918
3919	3919
3920	KING8
3922	3922
3942	3942
3950	3950
3951	3951
3953	3953
3957	KING2
3958	KING304
3972	3972
3974	3974
3976	KING288
3977	3977
3979	KING306
3981	3981
3982	3982
3984	KING236
3985	KING243
3987	3987
3988	3988
3998	3998
4002	4002
4003	4003
4004	4004
4013	KING338
4014	4014
4016	4016
4020	4020
4030	4030
4034	4034
4048	KING80
4049	4049
4050	4050
4066	4066
4070	4070
4071	4071
4072	KING969
4077	KING123
4079	KING193
4080	KING339
4088	4088
4089	KING135
4099	KING252
4101	KING294
4102	4102
4120	KING336
4123	4123
4124	KING340
4128	4128
4129	KING341
4143	4143
4144	4144
4145	4145
4147	4147
4149	KING342
4155	4155
4157	KING245
4158	4158
4161	KING343
4163	4163
4164	KING344
4165	KING345
4166	4166
4168	4168
4181	4181
4184	4184
4185	4185
4186	4186
4188	4188
4193	4193
4213	4213
4220	4220
4222	4222
4229	4229
4231	4231
4240	KING198
4244	4244
4245	4245
4246	KING346
4247	4247
4248	4248
4256	4256
4266	4266
4269	KING347
4272	4272
4279	4279
4283	KING348
4284	KING349
4290	4290
4292	4292
4293	4293
4294	4294
4296	4296
4307	KING350
4314	4314
4317	4317
4319	KING303
4321	4321
4334	KING351
4336	4336
4340	4340
4343	4343
4344	4344
4356	KING352
4358	4358
4360	4360
4361	KING353
4365	4365
4367	4367
4368	4368
4369	4369
4370	KING250
4372	4372
4373	KING354
4374	KING355
4392	KING353
4395	4395
4397	4397
4398	KING356
4401	4401
4402	4402
4403	4403
4405	KING327
4410	KING357
4411	4411
4417	4417
4418	4418
4419	KING358
4420	4420
4421	4421
4423	KING359
4424	4424
4428	KING18
4434	4434
4435	KING360
4437	4437
4439	4439
4447	4447
4448	4448
4482	4482
4484	4484
4486	4486
4491	KING292
4501	4501
4505	KING361
4508	KING144
4516	4516
4517	4517
4526	4526
4529	4529
4537	4537
4538	KING362
4539	4539
4564	KING295
4565	KING363
4567	4567
4572	4572
4581	4581
4582	4582
4583	KING301
4584	4584
4585	4585
4586	KING364
4587	KING365
4589	KING308
4591	4591
4596	KING366
4599	KING263
4602	KING257
4614	KING294
4615	4615
4617	4617
4628	4628
4632	4632
4634	KING317
4638	4638
4666	KING367
4670	4670
4674	4674
4675	4675
4679	4679
4685	KING307
4686	KING274
4687	4687
4694	4694
4698	4698
4699	KING368
4700	4700
4702	4702
4704	KING369
4710	4710
4712	4712
4714	KING224
4716	KING221
4719	4719
4734	4734
4737	4737
4741	4741
4742	KING370
4748	KING277
4750	KING371
4759	KING313
4767	KING350
4769	4769
4774	4774
4776	KING304
4777	4777
4778	4778
4797	KING372
4799	4799
4801	KING373
4802	KING374
4805	4805
4808	4808
4809	4809
4815	KING266
4816	4816
4826	KING81
4827	4827
4828	4828
4830	4830
4833	KING265
4834	KING375
4835	4835
4839	4839
4841	4841
4842	KING970
4843	4843
4844	4844
4846	4846
4848	KING100
4873	4873
4875	4875
4889	4889
4891	4891
4892	4892
4893	KING376
4910	4910
4911	4911
4914	4914
4915	KING377
4916	4916
4917	4917
4921	4921
4934	KING329
4936	4936
4940	4940
4943	4943
4948	KING378
4949	KING379
4963	4963
4965	4965
4973	4973
4974	KING380
4977	KING381
4981	4981
4987	4987
4996	KING382
4998	KING969
5000	KING142
5003	5003
5011	5011
5014	KING383
5018	5018
5022	KING345
5026	5026
5034	KING170
5036	KING384
5053	5053
5054	5054
5055	5055
5076	KING320
5077	KING287
5085	KING253
5090	5090
5094	KING385
5095	5095
5096	KING174
5097	KING386
5098	5098
5100	KING297
5101	5101
5102	5102
5103	5103
5123	5123
5126	KING387
5128	KING388
5129	KING389
5144	KING356
5149	5149
5156	5156
5158	5158
5161	5161
5168	KING236
5181	5181
5182	KING141
5183	KING309
5186	5186
5191	5191
5196	KING222
5214	5214
5222	KING390
5226	5226
5228	5228
5229	KING391
5231	5231
5247	KING86
5249	KING220
5250	KING303
5256	5256
5257	5257
5261	KING392
5262	5262
5264	KING393
5265	5265
5266	KING61
5276	KING392
5277	KING66
5278	5278
5279	KING394
5305	5305
5310	5310
5318	5318
5319	5319
5321	5321
5323	5323
5325	KING395
5326	5326
5327	5327
5328	5328
5329	KING73
5351	5351
5370	5370
5376	5376
5377	KING71
5378	5378
5381	KING396
5408	5408
5411	KING397
5412	5412
5413	5413
5414	5414
5415	5415
5416	KING398
5417	5417
5420	5420
5421	KING325
5423	KING18
5442	5442
5445	5445
5446	KING242
5450	KING399
5452	KING400
5459	5459
5460	5460
5461	5461
5462	KING401
5464	5464
5465	5465
5473	5473
5484	5484
5485	5485
5486	5486
5508	KING402
5509	5509
5510	KING403
5512	5512
5513	KING319
5514	5514
5542	KING73
5543	5543
5544	KING404
5546	KING405
5547	KING406
5548	5548
5549	5549
5580	KING316
5581	5581
5583	5583
5600	5600
5601	KING288
5604	KING100
5606	5606
5607	5607
5608	5608
5625	KING377
5626	KING209
5627	5627
5628	KING407
5629	KING79
5630	5630
5650	KING408
5651	5651
5653	5653
5658	5658
5669	KING409
5675	KING241
5689	5689
5690	5690
5691	KING335
5695	5695
5696	KING410
5697	5697
5698	5698
5699	KING267
5700	KING411
5710	5710
5712	KING197
5716	5716
5722	KING393
5746	5746
5752	KING321
5755	KING294
5757	KING412
5758	KING413
5760	5760
5780	5780
5782	5782
5785	5785
5786	5786
5787	KING414
5788	5788
5790	5790
5791	KING332
5792	5792
5793	5793
5794	5794
5795	5795
5813	KING332
5842	KING168
5844	KING415
5846	5846
5847	KING343
5849	5849
5851	5851
5852	5852
5856	5856
5861	KING415
5878	5878
5881	KING416
5882	KING417
5889	5889
5890	KING418
5891	5891
5892	5892
5894	5894
5895	KING251
5899	5899
5906	KING419
5907	KING310
5909	5909
5923	5923
5924	KING283
5926	KING420
5929	5929
5930	KING131
5931	5931
5933	5933
5956	KING339
5965	KING421
5966	5966
5969	5969
5974	5974
5977	KING422
5978	5978
5980	5980
5989	5989
5992	5992
6018	KING423
6019	6019
6021	6021
6022	6022
6026	6026
6029	6029
6031	KING971
6033	6033
6055	6055
6056	6056
6061	6061
6062	6062
6064	6064
6066	KING424
6067	6067
6068	KING357
6070	6070
6084	6084
6085	6085
6087	6087
6088	KING334
6091	6091
6092	KING380
6093	6093
6094	6094
6096	KING425
6097	KING425
6098	KING351
6127	6127
6128	6128
6134	KING342
6169	KING215
6176	6176
6179	6179
6180	6180
6181	KING318
6184	KING426
6185	KING427
6192	KING428
6193	6193
6194	6194
6195	KING429
6196	KING430
6197	KING275
6219	KING352
6221	6221
6222	6222
6224	6224
6237	6237
6241	6241
6243	6243
6244	6244
6259	KING76
6260	6260
6262	6262
6266	6266
6322	KING192
6324	6324
6325	KING431
6327	6327
6328	6328
6329	6329
6330	6330
6331	KING297
6332	6332
6333	6333
6336	KING337
6337	KING337
6338	KING281
6339	6339
6340	6340
6360	6360
6361	6361
6363	6363
6365	6365
6391	6391
6394	6394
6396	6396
6397	6397
6400	6400
6404	6404
6436	6436
6437	6437
6438	6438
6439	KING432
6441	KING433
6442	KING359
6443	KING434
6444	6444
6445	6445
6447	6447
6448	6448
6449	6449
6472	6472
6473	KING435
6476	6476
6486	6486
6492	KING381
6496	6496
6499	6499
6501	KING436
6508	6508
6514	6514
6516	6516
6517	6517
6519	6519
6520	6520
6522	6522
6528	KING437
6599	6599
6600	KING59
6601	6601
6607	6607
6608	6608
6609	6609
6614	6614
6616	6616
6617	KING438
6618	6618
6621	6621
6624	KING388
6633	KING439
6642	6642
6651	KING440
6654	KING441
6657	KING386
6658	6658
6660	6660
6679	KING422
6681	6681
6691	6691
6692	KING442
6693	KING443
6726	6726
6736	KING375
6741	6741
6745	KING341
6746	KING269
6747	KING444
6748	KING223
6749	6749
6754	6754
6758	6758
6759	6759
6761	6761
6762	6762
6777	6777
6779	6779
6782	KING384
6784	6784
6799	6799
6800	6800
6801	KING413
6803	6803
6826	6826
6828	6828
6830	6830
6831	KING445
6832	KING446
6833	6833
6834	KING447
6837	KING377
6854	6854
6871	KING212
6880	6880
6881	KING448
6882	6882
6918	KING449
6919	KING449
6920	KING448
6921	KING450
6924	6924
6926	6926
6927	6927
6936	6936
6939	KING260
6940	KING451
6955	KING330
6956	6956
6959	6959
6969	6969
6980	6980
6981	6981
6982	6982
6984	KING452
7007	7007
7008	KING338
7010	7010
7012	7012
7030	KING111
7032	7032
7034	7034
7047	KING410
7050	KING453
7053	7053
7055	7055
7057	KING454
7059	7059
7063	7063
7064	7064
7065	7065
7105	7105
7109	7109
7117	7117
7127	7127
7129	7129
7131	KING455
7134	7134
7137	KING456
7138	KING457
7141	7141
7142	7142
7150	7150
7152	7152
7156	7156
7158	KING290
7159	7159
7160	7160
7161	KING458
7163	7163
7179	KING107
7184	7184
7186	7186
7209	7209
7212	7212
7215	KING366
7226	KING459
7227	KING460
7228	7228
7229	7229
7243	7243
7245	7245
7246	KING348
7279	7279
7282	KING461
7283	7283
7285	KING142
7287	KING213
7297	7297
7313	7313
7314	7314
7325	KING401
7327	7327
7342	7342
7343	7343
7344	7344
7346	7346
7350	7350
7374	7374
7375	7375
7376	7376
7377	7377
7379	7379
7388	KING274
7393	KING462
7395	KING463
7396	7396
7400	KING464
7445	KING266
7446	7446
7447	7447
7448	7448
7449	7449
7451	KING465
7452	7452
7456	7456
7472	KING466
7473	7473
7474	7474
7475	7475
7487	7487
7491	7491
7492	7492
7496	KING365
7498	7498
7519	7519
7520	7520
7523	KING467
7524	7524
7525	7525
7532	KING468
7533	KING374
7534	KING469
7552	KING423
7553	7553
7555	KING243
7564	KING470
7565	KING312
7616	KING282
7617	7617
7619	7619
7623	KING436
7628	7628
7632	KING471
7654	KING405
7657	7657
7671	7671
7672	7672
7684	KING472
7687	KING472
7689	KING378
7696	KING400
7721	KING142
7734	7734
7737	KING473
7738	7738
7739	7739
7740	KING474
7741	7741
7742	KING475
7744	7744
7771	7771
7772	7772
7801	7801
7823	7823
7825	7825
7827	KING43
7828	7828
7836	7836
7837	7837
7838	7838
7865	7865
7866	7866
7888	KING73
7889	KING476
7891	7891
7892	7892
7897	KING477
7899	KING394
7923	KING460
7924	7924
7925	7925
7936	KING478
7937	7937
7956	7956
7957	7957
7958	7958
7961	7961
7962	KING479
7963	7963
7968	7968
7989	KING480
7990	KING480
7992	7992
7995	7995
8002	8002
8003	8003
8005	KING442
8026	8026
8027	8027
8029	8029
8030	8030
8031	KING481
8032	KING482
8082	8082
8083	8083
8085	8085
8089	8089
8141	8141
8145	KING483
8146	8146
8152	8152
8155	8155
8157	KING286
8158	KING286
8159	KING484
8160	KING370
8162	8162
8200	8200
8202	KING403
8207	KING485
8210	KING486
8211	KING487
8215	8215
8230	8230
8231	8231
8232	8232
8236	KING296
8260	KING488
8262	8262
8267	KING489
8268	KING25
8269	KING490
8295	8295
8296	8296
8297	8297
8298	8298
8303	KING491
8309	8309
8312	8312
8313	KING465
8314	8314
8316	8316
8317	KING488
8318	KING385
8319	8319
8321	KING492
8322	KING492
8331	KING493
8334	KING430
8336	KING346
8337	8337
8360	8360
8362	8362
8379	KING389
8381	KING968
8382	8382
8390	KING396
8393	8393
8399	8399
8400	8400
8405	KING494
8426	8426
8428	8428
8429	8429
8459	8459
8484	8484
8487	8487
8489	KING364
8490	8490
8492	KING495
8493	KING495
8496	8496
8498	KING496
8500	KING497
8501	8501
8504	KING498
8505	KING499
8506	KING500
8510	8510
8511	8511
8544	KING149
8566	8566
8621	KING501
8623	8623
8624	8624
8629	8629
8632	8632
8633	8633
8659	8659
8661	8661
8685	KING502
8686	8686
8690	8690
8692	KING503
8693	KING503
8764	KING451
8765	KING354
8767	8767
8771	KING395
8774	8774
8777	8777
8778	KING504
8779	KING505
8792	KING272
8793	8793
8794	8794
8795	8795
8796	8796
8802	8802
8806	8806
8807	KING506
8808	8808
8812	8812
8814	KING428
8838	KING279
8839	8839
8840	KING450
8841	8841
8843	KING284
8861	8861
8864	KING507
8866	8866
8867	8867
8871	KING331
8872	8872
8873	KING466
8894	KING508
8897	8897
8912	8912
8913	8913
8914	KING439
8918	KING509
8919	KING329
8920	8920
8921	KING510
8922	8922
8923	8923
8924	8924
8927	8927
8928	8928
8930	8930
8954	8954
8968	8968
8988	KING278
8995	KING212
8996	KING202
8998	KING59
9017	9017
9019	9019
9022	9022
9040	KING511
9042	9042
9049	KING381
9050	9050
9051	KING512
9052	9052
9054	KING513
9073	9073
9074	KING514
9075	KING514
9102	KING408
9103	9103
9117	9117
9124	KING420
9125	9125
9131	KING515
9147	KING516
9157	9157
9160	9160
9169	9169
9170	9170
9172	9172
9189	9189
9190	9190
9191	9191
9199	9199
9224	9224
9225	9225
9227	KING517
9228	KING518
9232	9232
9234	9234
9238	9238
9239	9239
9240	KING355
9241	KING519
9242	KING519
9251	9251
9261	9261
9268	9268
9320	KING328
9323	9323
9325	9325
9327	9327
9329	9329
9330	9330
9331	9331
9333	KING520
9334	KING521
9341	9341
9345	9345
9348	9348
9349	9349
9350	9350
9366	KING107
9367	9367
9368	9368
9369	9369
9371	9371
9372	KING522
9374	9374
9375	KING207
9376	KING446
9378	KING523
9379	KING524
9380	KING525
9382	9382
9402	KING243
9403	9403
9404	KING438
9406	9406
9410	KING215
9412	KING526
9428	9428
9430	9430
9431	9431
9434	9434
9435	9435
9438	9438
9439	9439
9446	9446
9468	9468
9494	KING347
9495	9495
9497	9497
9499	9499
9501	9501
9502	9502
9503	9503
9504	KING516
9508	KING186
9510	KING142
9520	KING527
9522	KING528
9543	9543
9546	9546
9547	9547
9558	KING478
9563	9563
9566	9566
9596	KING421
9611	9611
9614	9614
9616	9616
9617	9617
9618	KING183
9657	KING391
9685	9685
9686	KING529
9690	KING411
9691	9691
9692	9692
9693	9693
9694	9694
9695	9695
9696	9696
9698	KING530
9699	KING531
9700	KING387
9702	9702
9705	KING532
9709	9709
9724	9724
9735	9735
9736	KING533
9737	9737
9738	9738
9739	9739
9741	KING534
9746	KING459
9748	9748
9750	9750
9775	KING147
9778	KING535
9780	KING536
9781	9781
9808	9808
9811	9811
9844	KING537
9848	9848
9849	9849
9850	KING454
9851	9851
9853	9853
9854	KING142
9869	KING538
9878	9878
9879	KING200
9884	9884
9891	9891
9896	KING69
9897	KING69
9901	KING539
9922	9922
9924	KING540
9925	9925
9931	9931
9937	9937
9939	KING541
9940	9940
9951	KING542
9955	KING412
9959	KING444
9961	9961
9964	9964
9965	9965
9966	9966
9973	9973
9974	9974
9991	KING972
9993	KING502
9997	KING543
9998	9998
9999	KING477
10002	KING481
10005	10005
10030	10030
10032	KING544
10049	10049
10050	10050
10052	10052
10053	10053
10066	10066
10067	KING410
10072	10072
10073	10073
10074	10074
10089	10089
10101	10101
10102	KING368
10104	10104
10105	KING59
10106	10106
10109	KING545
10110	10110
10111	10111
10112	KING362
10113	10113
10116	10116
10117	KING369
10118	KING457
10119	KING163
10145	10145
10154	KING215
10155	10155
10157	KING546
10158	10158
10159	10159
10163	KING429
10165	KING225
10167	10167
10168	10168
10169	10169
10189	KING169
10192	KING453
10228	10228
10230	KING435
10258	10258
10259	KING547
10260	10260
10261	KING548
10262	KING390
10263	10263
10264	10264
10268	KING549
10290	KING315
10292	KING299
10293	KING437
10296	KING550
10298	10298
10299	10299
10330	10330
10333	KING551
10334	10334
10335	10335
10338	KING552
10339	KING487
10340	KING504
10345	10345
10347	10347
10365	KING553
10366	KING553
10369	KING278
10371	KING134
10372	10372
10373	10373
10378	10378
10379	10379
10380	KING554
10381	10381
10399	KING383
10406	KING555
10407	10407
10408	10408
10414	10414
10416	10416
10418	10418
10421	10421
10448	KING411
10455	10455
10473	KING556
10493	10493
10494	KING557
10497	10497
10500	KING558
10502	10502
10506	10506
10532	KING559
10534	KING560
10537	10537
10540	10540
10541	10541
10547	10547
10572	KING561
10573	10573
10575	10575
10576	KING562
10579	10579
10581	KING467
10582	KING486
10586	10586
10587	KING348
10588	KING563
10589	10589
10601	KING505
10641	10641
10642	KING520
10643	KING35
10651	10651
10714	10714
10740	10740
10746	10746
10757	10757
10761	10761
10765	10765
10766	10766
10769	KING564
10771	KING565
10772	10772
10775	10775
10776	10776
10778	KING566
10783	KING563
10786	10786
10817	10817
10824	10824
10828	10828
10829	KING567
10835	10835
10838	KING507
10843	KING568
10852	10852
10860	KING469
10879	10879
10882	KING569
10883	KING570
10887	10887
10896	10896
10898	10898
10899	10899
10901	KING571
10902	10902
10903	KING572
10920	10920
10921	10921
10947	10947
10948	10948
10965	10965
10968	KING445
10973	10973
10987	10987
10988	KING573
10989	KING574
10990	KING575
10991	KING534
10992	KING494
10994	10994
10996	10996
10998	10998
11010	KING576
11014	11014
11015	11015
11042	11042
11044	KING399
11050	11050
11051	11051
11064	11064
11067	11067
11069	KING500
11073	KING484
11077	KING243
11089	11089
11105	11105
11111	KING447
11112	11112
11113	KING243
11119	KING471
11172	KING397
11178	11178
11180	11180
11182	KING577
11200	11200
11201	11201
11203	11203
11204	11204
11207	11207
11210	KING470
11211	KING12
11213	11213
11215	11215
11216	KING182
11217	11217
11218	11218
11223	11223
11262	11262
11272	KING578
11290	KING262
11291	KING23
11305	11305
11372	11372
11373	KING535
11392	11392
11393	11393
11394	KING579
11399	11399
11400	11400
11401	11401
11408	KING231
11409	11409
11410	KING580
11412	KING546
11413	11413
11432	11432
11441	KING431
11443	11443
11444	11444
11447	11447
11448	11448
11466	11466
11467	KING581
11468	11468
11477	11477
11479	KING474
11483	KING582
11491	11491
11498	11498
11499	11499
11501	KING583
11506	KING375
11510	11510
11535	11535
11536	11536
11560	11560
11561	KING584
11565	11565
11567	11567
11573	11573
11576	11576
11579	11579
11583	11583
11607	11607
11609	KING585
11613	KING584
11614	KING24
11615	KING586
11618	KING142
11619	11619
11621	11621
11622	11622
11624	11624
11625	11625
11626	KING483
11627	11627
11628	11628
11630	11630
11632	KING213
11651	11651
11674	11674
11676	11676
11677	11677
11680	11680
11681	11681
11682	KING506
11695	11695
11709	KING327
11713	11713
11718	11718
11722	KING587
11723	KING587
11724	KING588
11725	11725
11757	KING589
11758	KING111
11759	KING296
11760	11760
11763	11763
11768	11768
11769	KING590
11779	KING591
11786	11786
11799	11799
11820	11820
11821	11821
11843	11843
11847	11847
11848	KING499
11849	11849
11851	KING592
11854	11854
11857	11857
11896	11896
11899	11899
11900	11900
11901	KING593
11902	KING476
11903	11903
11904	KING440
11907	KING594
11920	11920
11937	KING595
11941	KING596
11945	11945
11947	11947
11953	11953
11954	11954
11960	KING498
11961	KING577
11965	11965
11969	11969
11981	11981
11986	KING597
11996	11996
11998	KING298
12000	12000
12002	KING596
12005	KING598
12007	KING322
12010	KING599
12050	12050
12052	KING600
12054	12054
12055	12055
12057	12057
12058	12058
12059	12059
12061	12061
12078	KING601
12082	KING602
12084	12084
12085	12085
12101	12101
12102	12102
12114	12114
12115	KING106
12118	KING603
12120	KING358
12121	12121
12127	12127
12129	12129
12143	12143
12154	12154
12157	KING329
12158	KING329
12223	KING604
12228	KING605
12232	12232
12248	12248
12250	KING604
12252	12252
12254	KING60
12255	12255
12258	12258
12262	KING545
12270	KING606
12271	12271
12272	KING446
12273	12273
12275	12275
12276	12276
12282	KING458
12283	KING493
12285	12285
12289	12289
12303	12303
12308	KING967
12334	12334
12335	12335
12337	12337
12338	KING607
12353	KING430
12354	KING509
12362	12362
12369	12369
12370	12370
12378	12378
12380	KING488
12381	KING608
12400	12400
12408	12408
12418	KING304
12421	12421
12422	KING434
12423	12423
12424	12424
12425	12425
12427	12427
12437	KING609
12445	12445
12449	12449
12451	12451
12453	12453
12455	12455
12459	KING468
12465	12465
12466	12466
12468	12468
12471	12471
12472	12472
12474	12474
12477	KING473
12492	KING383
12497	12497
12515	12515
12518	KING489
12523	KING333
12527	12527
12544	KING610
12550	12550
12566	KING426
12568	12568
12571	KING611
12573	12573
12574	KING521
12576	12576
12581	12581
12600	12600
12601	12601
12602	12602
12603	12603
12613	KING110
12620	12620
12621	12621
12622	12622
12623	KING973
12635	12635
12636	KING612
12642	12642
12649	KING416
12650	12650
12695	KING594
12697	12697
12705	KING613
12706	KING613
12709	12709
12716	12716
12717	KING565
12752	KING614
12776	12776
12796	KING615
12797	12797
12799	12799
12818	12818
12837	12837
12838	12838
12876	12876
12880	KING479
12884	12884
12885	12885
12898	12898
12899	KING616
12900	KING616
12902	12902
12904	12904
12905	12905
12906	KING530
12908	KING527
12910	12910
12911	12911
12912	KING617
12913	12913
12914	KING618
12944	KING572
12954	12954
12972	KING619
12974	KING532
12986	KING58
12987	12987
12993	12993
12995	12995
12996	12996
12998	KING515
13021	KING620
13043	13043
13048	KING621
13051	13051
13068	13068
13072	13072
13073	13073
13076	13076
13078	13078
13079	13079
13080	13080
13083	KING522
13085	13085
13104	13104
13105	13105
13127	13127
13150	13150
13153	KING439
13165	13165
13166	KING278
13179	KING178
13180	KING622
13182	13182
13184	13184
13186	13186
13193	13193
13210	13210
13211	13211
13222	13222
13223	13223
13226	13226
13232	13232
13237	KING475
13238	KING551
13240	13240
13250	13250
13251	13251
13283	13283
13285	13285
13286	13286
13287	KING623
13288	13288
13289	KING624
13290	13290
13295	KING625
13296	13296
13297	13297
13298	KING429
13299	13299
13300	KING597
13302	KING626
13322	13322
13340	13340
13372	KING256
13384	13384
13390	13390
13395	13395
13415	KING534
13418	KING627
13423	13423
13443	13443
13444	13444
13447	13447
13449	13449
13450	13450
13451	13451
13458	13458
13459	13459
13463	13463
13466	KING628
13467	13467
13482	13482
13489	13489
13490	13490
13491	KING629
13492	13492
13508	13508
13516	13516
13518	13518
13521	KING404
13529	13529
13566	KING630
13570	13570
13576	KING563
13577	13577
13584	KING631
13587	KING541
13593	13593
13608	13608
13624	13624
13626	13626
13659	13659
13665	13665
13668	13668
13674	13674
13675	KING499
13676	13676
13678	13678
13679	13679
13683	KING441
13685	KING563
13687	13687
13690	13690
13692	13692
13694	13694
13696	13696
13699	KING632
13700	13700
13701	13701
13702	KING548
13704	KING533
13705	13705
13706	13706
13709	13709
13710	KING633
13711	13711
13736	KING634
13743	KING42
13772	13772
13773	13773
13775	KING497
13778	13778
13780	KING59
13781	13781
13782	13782
13784	13784
13785	13785
13816	KING407
13818	13818
13823	KING300
13847	13847
13868	KING461
13882	13882
13883	13883
13898	13898
13900	KING635
13902	13902
13905	KING972
13945	13945
13947	KING636
14001	14001
14003	14003
14006	14006
14040	14040
14041	KING637
14043	14043
14045	14045
14056	KING638
14059	14059
14061	KING639
14063	KING639
14067	14067
14070	14070
14072	14072
14077	KING598
14078	KING491
14098	14098
14106	14106
14107	14107
14118	14118
14119	KING640
14123	14123
14129	KING569
14134	14134
14140	KING641
14142	14142
14159	14159
14163	KING642
14172	14172
14177	14177
14178	KING643
14179	KING643
14180	14180
14181	14181
14185	14185
14186	14186
14188	14188
14217	14217
14221	14221
14230	14230
14246	14246
14247	14247
14251	14251
14254	KING456
14265	KING644
14266	14266
14281	14281
14283	14283
14286	14286
14287	14287
14297	KING645
14301	14301
14306	14306
14346	14346
14361	14361
14372	KING544
14379	KING371
14381	KING130
14382	14382
14397	14397
14398	14398
14400	KING519
14404	KING646
14427	KING647
14432	14432
14438	14438
14440	14440
14442	KING368
14443	KING583
14446	KING373
14453	14453
14460	KING349
14485	14485
14515	14515
14522	KING648
14523	KING648
14524	14524
14528	KING649
14572	14572
14573	14573
14578	14578
14581	14581
14582	14582
14584	14584
14588	KING650
14591	14591
14593	14593
14594	KING508
14608	14608
14619	14619
14620	KING974
14628	KING651
14639	14639
14641	KING652
14642	14642
14643	14643
14644	KING653
14656	14656
14658	KING652
14659	14659
14722	14722
14724	14724
14726	14726
14729	14729
14732	14732
14737	14737
14739	14739
14743	14743
14744	KING654
14745	14745
14746	14746
14748	14748
14749	14749
14750	KING655
14751	14751
14753	KING656
14754	14754
14756	14756
14757	14757
14758	14758
14759	KING657
14760	KING525
14761	KING970
14765	14765
14787	14787
14808	14808
14809	14809
14810	KING658
14812	KING379
14815	KING362
14817	KING659
14818	14818
14819	KING660
14832	14832
14836	KING514
14837	KING579
14850	14850
14857	14857
14896	KING514
14897	14897
14898	14898
14899	14899
14950	14950
14957	KING577
14964	KING608
14969	KING363
14986	14986
14987	14987
15008	15008
15024	KING581
15029	KING314
15032	15032
15034	15034
15090	15090
15098	15098
15100	15100
15102	KING378
15103	15103
15104	KING531
15105	15105
15127	KING661
15156	15156
15157	15157
15163	15163
15250	KING485
15260	KING662
15265	KING663
15268	15268
15269	KING664
15270	KING664
15307	KING665
15310	15310
15315	15315
15320	15320
15352	KING403
15362	15362
15363	15363
15366	KING575
15369	KING424
15370	15370
15381	KING270
15390	KING666
15418	15418
15419	KING593
15441	15441
15463	KING343
15496	15496
15508	KING394
15531	15531
15541	KING383
15542	KING667
15543	KING609
15544	15544
15546	KING668
15554	15554
15556	KING419
15560	15560
15563	KING571
15572	15572
15594	15594
15600	KING669
15603	15603
15608	15608
15634	15634
15638	KING490
15674	KING670
15692	KING472
15693	KING472
15698	KING448
15699	KING448
15702	15702
15703	15703
15705	KING625
15709	15709
15711	KING552
15715	KING671
15716	KING672
15737	15737
15764	15764
15765	15765
15767	15767
15768	15768
15775	15775
15781	KING673
15783	KING673
15790	KING674
15791	KING674
15826	15826
15829	15829
15860	15860
15863	15863
15887	15887
15889	15889
15901	15901
15902	KING445
15905	15905
15962	KING589
15971	15971
15972	KING675
15982	15982
15983	15983
15986	KING484
15998	KING487
16022	16022
16047	16047
16048	KING676
16049	16049
16050	16050
16054	KING622
16065	16065
16066	16066
16069	16069
16072	16072
16074	KING463
16079	16079
16083	16083
16084	KING630
16099	KING677
16105	16105
16109	16109
16110	KING678
16112	16112
16164	16164
16166	16166
16187	KING975
16190	16190
16191	16191
16238	KING601
16242	16242
16265	16265
16296	KING623
16297	16297
16298	16298
16299	16299
16302	16302
16303	KING679
16312	KING680
16313	16313
16347	16347
16352	16352
16365	KING681
16367	KING401
16369	16369
16370	16370
16447	16447
16448	16448
16457	16457
16466	KING111
16491	16491
16501	16501
16509	16509
16540	16540
16541	16541
16542	16542
16546	16546
16573	16573
16610	KING432
16614	KING621
16616	KING682
16617	KING683
16618	KING684
16659	16659
16660	KING685
16662	16662
16663	16663
16666	16666
16685	KING529
16686	16686
16701	16701
16702	16702
16704	16704
16707	KING686
16708	16708
16733	16733
16745	16745
16764	KING547
16765	16765
16767	16767
16768	16768
16769	16769
16770	16770
16771	16771
16772	KING190
16773	KING687
16774	16774
16775	16775
16776	KING618
16777	16777
16778	16778
16780	16780
16781	16781
16784	16784
16809	16809
16815	KING688
16823	16823
16827	16827
16828	16828
16874	16874
16877	16877
16879	16879
16881	16881
16884	16884
16885	16885
16913	16913
16924	16924
16931	16931
16971	KING689
16980	KING406
16988	16988
17029	KING690
17030	17030
17063	KING691
17098	KING550
17121	KING692
17123	17123
17140	17140
17142	KING693
17143	KING694
17144	17144
17145	17145
17146	KING510
17147	17147
17148	17148
17187	KING695
17189	17189
17197	KING605
17205	17205
17206	17206
17211	17211
17215	17215
17229	KING696
17247	17247
17357	KING167
17364	17364
17365	17365
17376	17376
17377	17377
17449	KING512
17451	17451
17453	KING177
17454	KING697
17455	17455
17479	17479
17483	17483
17489	KING7
17510	KING614
17512	17512
17517	17517
17518	17518
17519	17519
17530	17530
17534	KING462
17537	17537
17538	KING698
17539	17539
17543	17543
17569	17569
17591	17591
17596	17596
17598	KING518
17600	17600
17601	KING631
17654	17654
17656	17656
17666	17666
17693	17693
17696	KING699
17697	17697
17698	17698
17699	KING700
17700	17700
17704	KING666
17705	KING701
17707	17707
17709	KING638
17710	KING293
17711	17711
17715	KING600
17766	KING613
17768	17768
17769	17769
17804	KING702
17807	17807
17808	KING703
17810	17810
17812	17812
17816	17816
17833	KING632
17854	17854
17860	17860
17871	17871
17891	KING573
17892	KING414
17893	KING650
17896	KING195
17897	17897
17926	17926
17929	17929
17947	KING704
17949	17949
17951	17951
17956	17956
17968	KING360
17970	KING651
17971	17971
17972	KING705
17973	KING706
17975	17975
17980	17980
17981	17981
17987	KING517
18010	KING707
18012	18012
18023	18023
18024	18024
18026	18026
18029	18029
18030	18030
18031	18031
18060	KING537
18095	18095
18096	18096
18097	18097
18137	18137
18140	18140
18151	18151
18152	18152
18153	18153
18155	KING64
18156	18156
18160	KING708
18162	18162
18163	18163
18168	18168
18169	18169
18170	KING609
18219	18219
18225	18225
18227	18227
18231	KING376
18232	18232
18233	18233
18235	18235
18236	18236
18237	KING709
18251	18251
18316	KING710
18318	KING543
18336	18336
18341	18341
18342	KING539
18344	18344
18416	18416
18422	18422
18436	18436
18445	18445
18481	18481
18486	KING711
18493	18493
18499	KING712
18503	18503
18534	KING712
18535	18535
18540	18540
18544	KING570
18585	18585
18595	18595
18596	18596
18597	18597
18598	KING555
18623	18623
18626	18626
18630	18630
18632	18632
18634	KING621
18677	KING713
18696	KING626
18702	KING538
18716	18716
18717	18717
18719	18719
18720	18720
18722	KING637
18726	18726
18729	KING578
18738	18738
18784	18784
18800	18800
18807	KING642
18811	KING263
18814	KING714
18815	18815
18816	18816
18848	KING715
18859	18859
18865	18865
18873	18873
18895	18895
18897	18897
18899	18899
18903	KING716
18904	18904
18918	KING717
18948	18948
18955	18955
18959	18959
19003	KING350
19016	19016
19020	19020
19027	19027
19036	19036
19037	19037
19038	KING718
19040	19040
19042	19042
19089	KING719
19091	19091
19093	KING498
19105	KING557
19132	19132
19139	19139
19160	19160
19167	19167
19168	19168
19169	19169
19172	19172
19174	19174
19177	KING484
19183	19183
19185	19185
19197	19197
19218	19218
19262	19262
19264	19264
19267	19267
19269	19269
19270	19270
19286	19286
19325	19325
19340	19340
19341	19341
19358	19358
19359	19359
19360	KING634
19361	KING590
19364	19364
19365	KING601
19369	19369
19392	KING720
19432	19432
19448	KING165
19449	KING721
19457	KING576
19477	19477
19482	19482
19520	KING722
19544	19544
19545	19545
19546	KING556
19548	KING723
19552	19552
19555	19555
19560	KING724
19563	KING663
19567	19567
19606	19606
19607	19607
19608	KING362
19613	19613
19651	19651
19653	19653
19654	KING627
19656	19656
19658	KING510
19659	KING725
19660	19660
19661	19661
19669	19669
19670	19670
19672	19672
19701	KING620
19752	19752
19755	19755
19757	19757
19814	19814
19817	19817
19831	KING726
19833	19833
19834	19834
19835	KING727
19836	KING728
19840	KING729
19844	KING730
19845	19845
19860	19860
19922	19922
19923	19923
19925	19925
19927	19927
19929	19929
19930	19930
19966	19966
19970	19970
19973	19973
19987	19987
19989	KING418
19990	19990
19993	KING139
19994	KING710
19995	19995
19999	19999
20000	KING606
20007	20007
20016	KING524
20018	20018
20023	20023
20050	KING621
20058	20058
20068	KING561
20073	KING574
20080	KING698
20081	KING640
20082	20082
20083	20083
20084	20084
20085	KING563
20087	KING602
20110	20110
20163	KING644
20164	20164
20165	KING712
20167	20167
20168	20168
20170	KING528
20184	20184
20204	20204
20289	20289
20293	20293
20296	20296
20306	20306
20307	KING612
20308	20308
20309	KING246
20311	KING731
20312	KING270
20346	20346
20348	20348
20350	20350
20352	20352
20354	20354
20371	20371
20373	KING225
20376	20376
20378	20378
20382	KING973
20387	20387
20389	KING682
20391	20391
20406	KING732
20414	KING588
20449	KING608
20462	20462
20465	20465
20470	KING733
20472	20472
20473	20473
20474	20474
20475	20475
20478	20478
20480	20480
20482	KING734
20483	KING677
20484	20484
20488	20488
20494	KING711
20515	20515
20540	20540
20557	20557
20562	20562
20573	20573
20579	20579
20600	20600
20602	KING76
20607	20607
20609	20609
20611	20611
20621	KING658
20633	20633
20639	20639
20665	20665
20666	20666
20702	KING735
20704	20704
20716	KING551
20721	20721
20722	20722
20723	KING558
20724	20724
20738	20738
20741	KING549
20742	20742
20743	20743
20755	20755
20790	20790
20835	20835
20841	KING684
20843	KING686
20844	20844
20847	20847
20849	KING736
20851	KING426
20854	KING675
20855	KING737
20935	20935
20937	KING662
20938	KING64
20945	20945
20948	KING404
20950	20950
20953	20953
20958	KING511
21012	KING563
21019	21019
21035	21035
21045	21045
21046	21046
21078	21078
21091	21091
21096	21096
21102	21102
21103	21103
21158	21158
21160	21160
21163	21163
21166	21166
21168	21168
21169	KING656
21170	KING657
21173	21173
21182	21182
21189	21189
21190	KING689
21197	21197
21199	21199
21200	21200
21201	21201
21233	KING621
21252	21252
21255	KING646
21260	21260
21262	21262
21263	KING738
21265	KING738
21268	21268
21328	21328
21331	21331
21336	21336
21337	KING715
21386	21386
21408	21408
21409	KING739
21410	21410
21412	KING977
21413	KING740
21416	21416
21417	21417
21422	21422
21423	KING617
21437	21437
21438	KING610
21442	21442
21475	21475
21476	21476
21482	21482
21484	KING741
21486	KING741
21487	21487
21505	KING704
21509	21509
21511	21511
21515	21515
21529	KING702
21531	KING466
21536	KING289
21537	KING742
21538	KING742
21539	21539
21540	KING694
21541	21541
21542	21542
21543	KING743
21544	KING743
21546	21546
21547	KING276
21550	21550
21551	21551
21575	21575
21592	KING607
21593	21593
21594	21594
21597	KING526
21617	21617
21637	21637
21638	21638
21643	KING678
21664	21664
21665	21665
21671	21671
21672	21672
21673	21673
21675	KING671
21676	KING654
21678	KING744
21679	KING745
21746	KING397
21748	21748
21756	21756
21758	KING746
21774	21774
21800	KING747
21835	21835
21836	KING748
21837	21837
21839	21839
21841	21841
21879	21879
21886	21886
21899	KING749
21902	KING690
21905	KING750
21906	KING734
21907	KING751
21908	21908
21910	KING661
21914	21914
21953	21953
21963	21963
21979	21979
21980	KING568
21981	KING752
21982	KING753
21983	KING753
21985	21985
22054	22054
22056	22056
22057	22057
22058	22058
22059	KING735
22061	22061
22064	22064
22066	22066
22067	22067
22068	KING754
22069	22069
22070	22070
22071	22071
22075	22075
22139	KING755
22143	22143
22171	22171
22172	KING756
22214	22214
22572	KING645
22574	22574
22575	22575
22577	22577
22602	22602
22603	22603
22606	KING97
22624	KING757
22648	KING758
22649	KING759
22651	KING688
22652	KING760
22653	22653
22655	22655
22657	22657
22660	22660
22664	22664
22678	22678
22694	22694
22720	KING542
22721	22721
22724	22724
22727	KING720
22733	KING695
22737	22737
22738	22738
22808	22808
22809	22809
22810	KING761
22811	22811
22813	22813
22814	KING669
22816	KING762
22817	KING555
22818	22818
22819	22819
22820	22820
22821	22821
22824	22824
22883	KING763
22884	KING455
22887	KING693
22947	22947
22960	KING641
22965	22965
22967	KING664
22969	KING664
22976	22976
22984	KING759
23010	23010
23012	KING764
23014	KING723
23015	23015
23042	23042
23051	23051
23055	KING765
23061	23061
23106	KING766
23127	KING767
23129	23129
23131	23131
23132	23132
23133	23133
23143	23143
23146	KING482
23174	KING507
23200	23200
23206	23206
23209	23209
23234	23234
23236	23236
23245	KING768
23258	23258
23299	23299
23346	23346
23350	KING326
23363	23363
23367	KING314
23376	23376
23380	KING618
23381	KING624
23383	KING687
23384	KING525
23391	23391
23408	KING591
23410	23410
23411	23411
23412	23412
23413	23413
23414	23414
23483	23483
23487	KING603
23488	KING724
23490	KING59
23491	23491
23494	KING769
23495	KING707
23497	23497
23524	23524
23532	23532
23556	23556
23557	KING629
23560	23560
23580	23580
23602	23602
23618	KING770
23619	23619
23622	23622
23637	23637
23644	23644
23648	23648
23675	23675
23676	23676
23678	23678
23684	23684
23709	KING523
23714	23714
23719	23719
23728	23728
23732	23732
23733	23733
23735	23735
23736	KING282
23737	23737
23741	23741
23742	23742
23743	23743
23744	KING771
23745	23745
23746	23746
23747	23747
23748	KING772
23756	23756
23774	23774
23813	KING772
23814	23814
23816	23816
23817	KING773
23820	KING745
23822	KING746
23835	23835
23889	23889
23901	KING165
23906	KING263
23914	KING564
23956	KING774
23961	23961
23965	KING566
23967	23967
23968	23968
23969	23969
23979	23979
23985	23985
24020	24020
24073	KING716
24074	24074
24090	KING775
24105	24105
24112	24112
24114	24114
24116	KING240
24139	24139
24146	24146
24192	KING361
24195	24195
24197	24197
24198	KING685
24202	24202
24203	KING776
24204	KING554
24205	24205
24209	24209
24212	KING705
24213	24213
24297	24297
24310	24310
24313	24313
24316	24316
24324	KING129
24337	KING755
24356	24356
24370	KING696
24378	KING777
24441	KING755
24444	KING45
24445	24445
24446	KING778
24448	KING665
24451	KING730
24462	KING667
24496	KING779
24497	24497
24506	KING719
24507	24507
24509	24509
24515	KING780
24516	KING592
24519	24519
24567	24567
24573	24573
24576	24576
24588	24588
24589	KING573
24597	24597
24601	KING781
24660	24660
24677	KING782
24678	24678
24762	24762
24763	KING783
24768	24768
24775	24775
24776	24776
24947	24947
24950	24950
24982	24982
24988	24988
24990	24990
24991	24991
24992	24992
24993	24993
24994	24994
24995	24995
24996	24996
24997	24997
25001	KING302
25024	25024
25033	KING727
25042	25042
25045	25045
25049	25049
25050	25050
25052	25052
25110	KING784
25118	25118
25119	25119
25120	25120
25122	25122
25123	25123
25126	25126
25127	25127
25128	25128
25129	25129
25130	25130
25131	KING560
25132	KING785
25181	25181
25192	25192
25244	25244
25246	25246
25247	25247
25248	25248
25250	25250
25251	KING786
25253	25253
25254	KING744
25256	25256
25272	25272
25277	25277
25283	KING264
25340	KING555
25341	25341
25343	25343
25344	25344
25407	KING749
25412	25412
25416	25416
25419	25419
25420	25420
25423	25423
25445	KING787
25491	25491
25496	KING726
25497	25497
25498	KING586
25499	25499
25517	KING712
25528	KING580
25529	25529
25531	KING788
25538	KING324
25555	25555
25559	KING789
25571	25571
25574	25574
25577	25577
25587	KING738
25589	KING738
25603	KING790
25605	25605
25609	25609
25620	25620
25623	KING791
25625	25625
25628	25628
25641	25641
25645	KING792
25648	25648
25740	25740
25743	KING762
25744	25744
25747	25747
25749	25749
25751	25751
25754	KING554
25756	25756
25759	KING793
25768	25768
25836	25836
25837	25837
25849	KING668
25851	KING700
25852	KING731
25853	25853
25899	KING794
25909	25909
25938	KING795
25942	KING409
25998	25998
25999	25999
26008	KING184
26009	KING539
26010	26010
26013	26013
26014	KING748
26017	KING751
26019	KING547
26040	26040
26041	26041
26052	KING585
26053	KING718
26143	KING679
26151	KING725
26153	KING691
26162	26162
26165	KING660
26181	26181
26183	26183
26187	26187
26188	26188
26192	KING796
26253	KING736
26254	KING797
26255	KING752
26256	KING798
26268	26268
26297	KING799
26322	26322
26325	26325
26327	26327
26328	KING514
26340	KING703
26342	26342
26379	KING670
26395	26395
26441	KING800
26445	KING801
26446	26446
26489	KING129
26511	26511
26520	KING567
26521	KING646
26552	26552
26556	26556
26586	26586
26627	26627
26638	KING733
26647	26647
26649	KING579
26650	KING802
26651	26651
26653	KING323
26677	KING254
26683	26683
26762	26762
26779	KING803
26780	KING635
26781	KING804
26782	26782
26796	KING758
26828	26828
26834	26834
26877	26877
26878	26878
26883	26883
26907	26907
26910	26910
26912	26912
26914	26914
26922	26922
26949	KING805
26954	26954
26975	KING599
26979	26979
26980	KING806
26981	KING807
26982	26982
26983	26983
26987	26987
27003	27003
27010	27010
27043	KING808
27075	KING508
27084	27084
27107	KING653
27122	27122
27123	KING316
27124	27124
27126	27126
27127	27127
27129	27129
27130	27130
27131	KING678
27135	27135
27157	27157
27182	27182
27189	27189
27230	KING649
27232	27232
27233	27233
27234	27234
27237	KING809
27259	27259
27302	27302
27329	27329
27333	27333
27335	KING695
27342	27342
27347	KING810
27378	KING809
27473	27473
27475	KING811
27477	27477
27478	27478
27479	27479
27480	27480
27484	KING692
27485	27485
27529	27529
27624	KING676
27630	KING812
27631	KING551
27632	27632
27634	27634
27635	KING297
27636	KING813
27637	KING814
27638	27638
27639	KING815
27641	27641
27642	27642
27725	27725
27730	27730
27757	27757
27781	27781
27782	KING975
27783	27783
27784	27784
27785	27785
27787	27787
27788	27788
27789	27789
27811	KING810
27828	27828
27867	27867
27877	27877
27882	27882
27895	27895
27896	KING349
27898	27898
27900	27900
27901	27901
27904	27904
27905	27905
27907	27907
27908	27908
27909	27909
27910	27910
27914	KING619
27926	KING699
27960	KING816
28049	28049
28050	28050
28051	28051
28053	28053
28054	28054
28055	KING817
28056	28056
28058	KING761
28129	28129
28164	28164
28169	28169
28194	KING305
28197	28197
28199	28199
28200	28200
28204	KING818
28206	28206
28230	28230
28235	28235
28261	KING296
28318	28318
28319	28319
28330	28330
28338	28338
28353	KING786
28355	28355
28356	28356
28392	28392
28448	28448
28500	KING819
28502	28502
28503	KING655
28505	KING698
28506	28506
28551	28551
28553	28553
28581	KING820
28585	KING821
28599	28599
28600	28600
28601	KING822
28602	28602
28603	28603
28604	28604
28606	28606
28607	28607
28610	28610
28611	28611
28612	28612
28613	28613
28614	KING823
28719	28719
28722	KING636
28723	28723
28732	28732
28742	KING231
28748	28748
28752	28752
28757	28757
28876	28876
28884	28884
28885	28885
28891	28891
28896	KING974
28898	28898
28933	28933
28938	28938
28954	28954
28969	28969
29003	29003
29027	29027
29030	KING824
29032	KING729
29037	29037
29060	29060
29067	29067
29075	KING825
29081	29081
29121	29121
29141	29141
29142	29142
29143	29143
29144	29144
29145	29145
29146	KING623
29153	29153
29154	29154
29155	29155
29185	29185
29293	KING669
29296	29296
29302	29302
29306	29306
29307	29307
29308	29308
29312	KING669
29313	29313
29318	KING764
29345	29345
29353	29353
29363	29363
29366	29366
29373	29373
29443	29443
29446	29446
29468	29468
29476	29476
29485	29485
29502	29502
29578	29578
29579	KING122
29583	29583
29584	KING780
29601	29601
29711	29711
29718	29718
29722	29722
29735	KING826
29801	29801
29911	KING769
29958	29958
29961	29961
30000	30000
30087	30087
30088	KING511
30089	KING720
30090	30090
30091	30091
30092	30092
30093	30093
30094	30094
30095	30095
30096	30096
30097	30097
30099	KING717
30128	30128
30136	30136
30151	KING827
30156	KING775
30160	30160
30165	KING828
30170	30170
30202	30202
30242	30242
30248	30248
30249	KING659
30252	30252
30254	30254
30256	KING765
30306	30306
30321	30321
30332	30332
30368	KING829
30373	30373
30389	30389
30393	30393
30453	30453
30472	30472
30480	KING830
30484	KING507
30509	30509
30512	KING831
30559	30559
30561	KING832
30656	30656
30657	30657
30702	30702
30727	30727
30728	30728
30789	30789
30793	30793
30796	KING833
30799	KING834
30802	30802
30803	KING528
30807	KING786
30814	30814
30819	KING340
30822	30822
30824	30824
30828	KING835
30829	30829
30831	30831
30938	KING640
30941	30941
30970	30970
31002	KING744
31035	31035
31043	31043
31071	KING836
31079	31079
31151	31151
31152	31152
31155	31155
31269	31269
31275	KING797
31282	31282
31283	31283
31285	31285
31286	KING837
31288	KING774
31289	31289
31318	31318
31411	31411
31525	31525
31585	KING838
31598	31598
31601	31601
31619	31619
31620	31620
31621	31621
31622	31622
31623	KING796
31624	31624
31625	KING839
31628	KING59
31630	31630
31631	31631
31632	31632
31633	31633
31758	KING798
31801	KING630
31802	31802
31803	31803
31806	KING840
31886	31886
31918	31918
31950	31950
32105	32105
32114	32114
32125	32125
32132	32132
32259	32259
32274	32274
32276	KING841
32341	32341
32358	32358
32362	KING777
32363	KING842
32409	32409
32416	32416
32420	32420
32425	KING607
32434	32434
32449	32449
32469	KING755
32472	32472
32477	32477
32478	32478
32482	32482
32494	KING739
32508	32508
32519	KING843
32520	KING558
32521	32521
32522	32522
32523	32523
32543	KING523
32558	32558
32560	32560
32584	32584
32586	32586
32682	KING821
32683	KING844
32684	32684
32685	32685
32686	32686
32687	32687
32691	32691
32692	KING540
32808	32808
32839	32839
32840	32840
32843	32843
32954	KING717
33148	KING792
33150	33150
33161	33161
33163	33163
33165	33165
33168	KING722
33182	33182
33189	KING833
33205	33205
33302	33302
33318	33318
33319	33319
33324	33324
33325	33325
33332	KING273
33384	33384
33401	33401
33416	KING805
33438	33438
33443	33443
33470	33470
33501	KING845
33527	33527
33540	KING802
33548	KING628
33585	33585
33586	33586
33590	33590
33618	33618
33627	33627
33691	33691
33741	33741
33749	33749
33767	33767
33768	33768
33770	33770
33774	33774
33776	33776
33777	33777
33789	33789
33804	33804
33916	KING792
33931	KING788
33990	KING771
33991	33991
34078	KING846
34096	34096
34106	KING847
34114	34114
34123	34123
34132	34132
34158	34158
34166	34166
34172	KING595
34173	KING848
34174	KING849
34181	34181
34268	KING850
34271	34271
34274	34274
34292	34292
34293	KING851
34294	34294
34297	34297
34368	34368
34464	KING852
34470	34470
34471	34471
34473	KING785
34474	34474
34475	34475
34476	KING853
34483	34483
34562	34562
34575	34575
34599	34599
34604	34604
34607	34607
34634	KING779
34682	34682
34698	KING854
34699	34699
34704	KING768
34844	34844
34868	34868
34881	34881
34905	34905
35045	35045
35067	35067
35098	35098
35163	35163
35175	35175
35240	35240
35262	KING747
35278	35278
35281	KING799
35291	KING797
35343	35343
35345	35345
35358	KING795
35445	KING855
35534	35534
35566	35566
35567	35567
35570	35570
35571	35571
35573	KING856
35602	35602
35778	35778
35787	KING60
35823	KING783
35991	KING496
36015	36015
36173	36173
36178	KING610
36194	36194
36196	36196
36197	36197
36198	36198
36203	KING857
36204	36204
36205	KING858
36206	KING859
36220	36220
36228	36228
36229	36229
36439	36439
36443	36443
36447	KING860
36450	36450
36458	36458
36468	36468
36469	36469
36472	36472
36474	KING861
36477	KING680
36479	36479
36535	KING443
36580	36580
36645	KING862
36664	36664
36675	36675
36707	36707
36708	KING721
36838	36838
36852	36852
36895	36895
36902	36902
36921	KING547
36922	36922
36929	KING728
36930	KING683
36932	36932
37014	37014
37066	37066
37073	37073
37075	KING161
37317	37317
37346	37346
37348	37348
37366	37366
37384	37384
37455	37455
37468	37468
37471	37471
37480	KING344
37523	KING827
37552	37552
37602	37602
37611	37611
37616	37616
37618	37618
37624	KING863
37626	37626
37661	37661
37665	37665
37666	37666
37741	37741
37774	37774
37782	37782
37868	KING864
37869	37869
37875	37875
37876	37876
37959	KING865
38022	38022
38023	38023
38063	KING837
38103	KING830
38121	38121
38122	38122
38228	38228
38297	38297
38313	38313
38323	38323
38330	38330
38464	38464
38474	38474
38481	38481
38496	KING866
38548	KING766
38590	KING834
38627	KING398
38630	38630
38637	38637
38639	38639
38675	38675
38713	KING867
38720	38720
38749	38749
38769	38769
38776	38776
38778	38778
38790	38790
38792	38792
38803	38803
38806	KING828
38811	38811
38820	KING816
38853	38853
38854	38854
38856	KING868
38879	KING825
38889	KING618
38895	38895
38919	38919
38922	KING869
38980	38980
38994	38994
39054	39054
39058	39058
39059	39059
39060	39060
39061	39061
39062	KING956
39092	39092
39093	39093
39094	KING870
39095	39095
39096	KING871
39176	39176
39211	39211
39243	KING91
39293	39293
39311	KING720
39313	KING872
39314	KING873
39315	39315
39316	39316
39396	39396
39399	39399
39412	KING874
39422	39422
39453	39453
39500	KING787
39554	KING875
39557	KING411
39734	39734
39754	KING452
39768	39768
39792	39792
39835	39835
39841	39841
39978	KING559
39984	KING59
40018	40018
40019	KING876
40020	KING836
40030	40030
40031	40031
40038	40038
40041	KING877
40042	KING876
40043	40043
40086	KING402
40099	KING669
40106	KING878
40129	40129
40131	KING669
40283	KING879
40290	40290
40371	KING880
40479	40479
40509	40509
40561	40561
40791	40791
40795	KING881
40799	40799
40804	KING881
40818	KING882
40831	40831
40833	KING669
40835	40835
40915	40915
40983	KING884
41022	41022
41023	41023
41118	41118
41127	41127
41130	KING885
41131	KING799
41132	41132
41133	41133
41134	41134
41172	41172
41214	41214
41237	KING886
41295	KING749
41306	41306
41327	KING862
41343	41343
41344	41344
41346	KING231
41386	KING765
41513	41513
41603	41603
41604	41604
41609	41609
41610	41610
41611	41611
41692	41692
41752	41752
41783	KING820
41850	41850
41872	KING887
41984	41984
42003	KING888
42041	42041
42089	42089
42145	42145
42198	42198
42199	KING737
42200	42200
42206	42206
42207	42207
42335	KING745
42360	42360
42389	42389
42394	42394
42395	KING754
42396	42396
42397	42397
42436	KING793
42445	42445
42520	KING889
42532	42532
42585	42585
42605	42605
42613	KING890
42666	42666
42688	KING891
42692	42692
42753	KING804
42811	42811
42839	42839
42881	42881
42919	42919
42997	42997
43025	43025
43032	43032
43038	43038
43054	43054
43304	43304
43308	43308
43309	KING633
43312	43312
43314	KING757
43316	KING892
43317	43317
43318	43318
43332	43332
43334	43334
43410	43410
43416	KING893
43481	43481
43500	KING894
43527	43527
43545	43545
43605	43605
43624	43624
43625	KING789
43631	KING714
43637	43637
43709	43709
43772	43772
43793	43793
43829	43829
43836	43836
43900	43900
43908	43908
43913	43913
43932	43932
44017	44017
44048	44048
44071	44071
44094	44094
44104	44104
44192	44192
44223	44223
44224	44224
44226	KING895
44227	KING896
44230	KING897
44335	44335
44399	44399
44446	44446
44520	44520
44524	KING773
44525	KING829
44526	KING851
44528	KING898
44615	44615
44770	KING767
44804	KING899
44819	KING803
45066	45066
45078	45078
45136	45136
45152	KING709
45186	45186
45212	45212
45213	45213
45267	45267
45369	45369
45390	KING811
45402	KING900
45410	45410
45420	45420
45431	45431
45530	KING901
45559	45559
45567	45567
45633	KING902
45762	45762
45929	45929
46067	46067
46104	KING651
46172	46172
46437	46437
46438	KING903
46440	KING473
46644	46644
46680	46680
46681	46681
46683	46683
46728	KING840
46790	46790
46830	KING904
46833	46833
46891	46891
46990	46990
47045	47045
47050	KING832
47137	47137
47153	47153
47206	47206
47246	KING409
47336	KING815
47348	47348
47363	47363
47364	47364
47366	47366
47369	KING778
47370	47370
47374	47374
47377	47377
47392	47392
47520	KING513
47687	47687
47691	KING905
47701	47701
47923	KING906
47979	47979
47984	47984
47994	47994
48011	48011
48113	48113
48115	48115
48292	KING845
48333	48333
48343	48343
48346	48346
48353	48353
48367	48367
48369	KING907
48374	KING908
48377	48377
48379	48379
48457	KING823
48467	48467
48523	48523
48560	48560
48622	48622
48625	48625
48630	48630
48643	48643
48648	48648
48668	KING909
48675	48675
48686	48686
48687	KING864
48688	48688
48743	48743
48777	48777
48818	48818
48835	48835
48917	48917
48977	48977
48978	48978
48985	48985
48990	KING875
48991	48991
49020	KING866
49210	49210
49227	KING870
49322	49322
49376	49376
49385	49385
49386	49386
49387	49387
49392	49392
49396	KING910
49467	49467
49487	49487
49521	49521
49545	49545
49605	KING911
49716	49716
49741	KING745
49751	49751
49754	KING672
49768	49768
49832	KING912
49849	49849
49854	KING913
49865	49865
49869	49869
49946	49946
50092	50092
50150	50150
50162	50162
50377	50377
50433	50433
50460	KING835
50542	50542
50585	50585
50594	50594
50597	50597
50677	50677
50681	50681
50839	50839
50867	50867
50969	50969
50974	50974
50975	50975
51077	51077
51101	KING844
51107	KING914
51149	KING720
51205	KING756
51251	KING745
51265	KING915
51343	51343
51348	KING916
51423	KING917
51427	51427
51430	51430
51439	51439
51468	51468
51476	KING918
51489	KING411
51663	51663
51681	51681
51702	KING919
51703	51703
51706	51706
51709	KING819
51735	KING821
51790	51790
51792	KING717
51877	51877
51943	51943
51960	51960
51961	51961
51962	51962
51963	51963
51980	51980
52049	52049
52108	52108
52109	52109
52163	KING659
52307	52307
52310	KING904
52311	52311
52312	KING904
52316	52316
52362	52362
52363	KING920
52364	52364
52365	52365
52366	52366
52367	KING814
52403	KING921
52433	KING818
52467	KING922
52470	52470
52603	KING808
52659	52659
52758	KING923
52878	52878
52885	52885
53069	53069
53085	KING885
53097	KING838
53129	53129
53205	KING924
53227	KING558
53354	53354
53387	53387
53534	53534
53551	KING631
53698	53698
53777	53777
53778	KING771
53779	KING853
53780	KING771
53781	53781
53782	KING925
53843	KING314
53897	53897
53960	53960
54090	54090
54096	54096
54126	54126
54131	KING802
54347	54347
54358	54358
54366	54366
54397	54397
54433	54433
54437	54437
54447	54447
54464	KING926
54468	54468
54472	54472
54480	54480
54490	54490
54571	KING804
54789	54789
54798	KING927
54806	KING732
54873	KING606
54881	54881
54882	54882
54883	KING918
54983	KING928
55021	55021
55037	KING886
55139	55139
55140	KING976
55146	55146
55150	KING929
55152	55152
55154	55154
55161	55161
55162	KING930
55232	55232
55338	KING740
55347	55347
55397	55397
55419	55419
55435	KING931
55451	55451
55453	55453
55491	55491
55495	KING852
55497	55497
55498	55498
55499	55499
55500	55500
55502	55502
55503	55503
55594	55594
55731	KING932
55747	55747
55869	55869
56236	KING933
56245	56245
56253	56253
56254	56254
56255	KING934
56258	KING749
56260	56260
56261	KING615
56262	56262
56406	56406
56422	56422
56472	56472
56474	56474
56545	56545
56609	56609
56618	56618
56626	56626
56627	56627
56632	KING976
56633	56633
56635	KING618
56638	KING935
56673	56673
56683	56683
56770	56770
56777	56777
56778	56778
56779	KING936
56785	56785
56801	56801
56810	56810
56812	56812
56814	56814
56860	KING372
56864	KING720
56960	KING937
56978	56978
57014	57014
57042	57042
57387	57387
57431	57431
57451	57451
57637	57637
57703	KING888
57738	KING902
57743	57743
57776	KING782
57940	57940
57948	57948
57952	57952
58026	58026
58027	58027
58028	58028
58029	KING868
58030	58030
58031	58031
58032	58032
58033	58033
58034	KING807
58035	58035
58036	58036
58074	58074
58099	58099
58111	58111
58151	58151
58160	58160
58297	58297
58330	KING681
58525	KING854
58615	58615
58623	KING464
58685	58685
58721	KING938
58723	KING939
58731	58731
58744	58744
58832	58832
58871	58871
59043	59043
59046	KING750
59070	59070
59078	59078
59144	59144
59154	KING340
59313	59313
59388	59388
59413	59413
59424	KING940
59433	59433
59434	59434
59553	59553
59565	59565
59770	KING791
59809	59809
59812	59812
59816	59816
59821	59821
60027	KING901
60045	60045
60047	60047
60148	60148
60183	60183
60237	60237
60251	60251
60340	60340
60448	60448
60523	60523
60629	60629
60633	KING941
60634	60634
60761	60761
60772	60772
60775	60775
60790	60790
60793	KING942
60831	KING812
60854	60854
60948	KING934
60972	KING943
60973	60973
60981	60981
61148	61148
61151	61151
61180	61180
61227	61227
61365	61365
61373	61373
61385	61385
61394	61394
61417	61417
61428	61428
61487	61487
61506	61506
61591	61591
61671	KING263
61764	61764
61774	61774
61778	61778
61795	61795
61817	61817
62018	62018
62030	62030
62040	62040
62050	62050
62092	62092
62098	KING896
62107	62107
62224	62224
62383	62383
62400	62400
62404	62404
62405	62405
62406	62406
62407	62407
62411	62411
62414	KING849
62416	KING848
62448	KING929
62449	KING909
62519	KING880
62813	62813
62849	KING932
62953	62953
62976	62976
63038	63038
63179	63179
63217	63217
63236	63236
63252	63252
63380	63380
63489	63489
63498	63498
63567	63567
63599	63599
63628	63628
63644	63644
63739	63739
63771	63771
63799	63799
63940	KING897
64191	64191
64266	KING770
64307	64307
64327	64327
64331	64331
64340	KING944
64351	64351
64371	64371
64373	KING225
64387	64387
64389	64389
64479	64479
64480	64480
64487	KING824
64600	KING846
64737	KING129
65087	65087
65155	KING945
65326	65326
65422	65422
65471	65471
65531	KING946
65535	KING555
65535	KING555
65535	KING555
65535	KING555
65535	KING555
65535	KING555
65535	KING555
65535	KING555
65535	KING555
65535	KING555
65535	KING555
65535	KING555
65535	KING555
65603	KING555
65746	65746
65933	KING555
65962	KING555
65963	KING555
65964	KING555
65965	KING555
65966	KING555
66020	66020
66022	KING558
66030	KING555
66031	KING555
66035	KING947
66051	KING547
66104	66104
66123	66123
66127	66127
66157	66157
66161	KING555
66277	66277
66278	66278
66280	KING417
66283	66283
66340	KING701
66353	KING930
66477	66477
66483	66483
66484	66484
66485	66485
66570	KING706
66571	66571
66635	66635
66644	66644
66657	KING555
66675	KING555
66688	KING555
67020	67020
67066	67066
67287	67287
67297	67297
67356	67356
67749	KING899
67758	67758
67766	67766
67907	67907
67927	KING948
67941	67941
67951	67951
67964	67964
67979	67979
68164	68164
68174	68174
68184	68184
68250	68250
68251	68251
68252	68252
68253	68253
68259	KING914
68331	KING713
68332	68332
68333	68333
68345	68345
68374	KING912
68455	68455
68459	68459
68525	68525
68534	68534
68612	68612
68613	68613
68690	KING536
68718	68718
68796	KING433
68797	68797
68815	68815
68867	KING860
68877	68877
69153	KING806
69270	69270
69271	KING949
69283	KING950
69294	KING841
69315	69315
69461	KING507
69467	69467
69548	69548
69720	69720
69748	69748
69761	69761
69785	KING951
69790	69790
69799	KING774
69834	KING952
69859	KING953
70010	70010
70041	70041
70049	70049
70102	KING917
70135	KING781
70136	KING874
70137	KING935
70138	KING892
70139	KING859
70140	70140
70141	KING858
70207	KING936
70209	70209
70414	70414
70462	70462
70487	70487
70584	70584
70690	70690
70710	70710
70726	KING938
70741	70741
70830	70830
70873	70873
70893	70893
70897	KING800
70898	70898
70899	70899
70900	70900
71003	71003
71007	71007
71038	71038
71046	71046
71053	71053
71074	71074
71307	71307
71506	71506
71552	71552
71580	71580
71638	KING887
71719	71719
71751	KING907
71835	71835
71837	KING913
72345	72345
72364	KING931
72367	KING903
72402	72402
72405	72405
72511	KING757
72544	72544
72633	72633
72705	KING918
72838	KING919
73325	73325
73504	KING900
73554	KING905
73577	KING878
73608	73608
73628	KING214
73642	KING831
73652	73652
73658	73658
73659	KING915
73661	73661
73667	73667
73681	73681
74010	74010
74029	74029
74053	74053
74089	74089
74301	74301
74432	74432
74556	74556
74563	KING801
74571	KING910
74575	KING939
74603	74603
74612	74612
74746	74746
74747	KING216
74879	74879
74952	74952
74953	74953
74982	74982
75004	KING879
75009	75009
75045	75045
75047	KING954
75133	75133
75146	75146
75218	75218
75355	75355
75599	KING810
75600	KING669
75605	75605
75619	KING790
75657	75657
75763	KING831
76250	KING776
76312	KING955
76356	76356
76357	KING669
76377	76377
76415	76415
76456	76456
76460	76460
76465	KING552
76474	76474
76486	76486
76491	76491
76522	KING920
76523	KING956
76524	76524
76663	76663
76787	76787
76804	KING957
76840	76840
76909	76909
76910	KING958
76920	76920
76942	76942
76975	76975
76995	76995
77142	KING908
77156	KING855
77158	77158
77258	77258
77336	77336
77412	77412
77507	77507
77704	KING971
77728	KING869
77787	77787
77794	77794
77978	77978
78086	78086
78095	KING959
78155	78155
78314	KING895
78453	78453
78697	78697
78745	78745
78754	KING401
78842	78842
79011	79011
79077	79077
79184	79184
79287	79287
79307	79307
79313	79313
79333	79333
79520	79520
79661	79661
79752	KING960
79778	79778
79780	KING923
79917	KING822
79971	79971
80005	80005
80302	80302
80304	80304
80305	80305
80441	80441
80472	80472
80614	80614
80737	KING898
80755	80755
81080	81080
81183	81183
81236	81236
81358	81358
81370	81370
81886	81886
81941	81941
82048	82048
82049	KING882
82050	82050
82062	82062
82065	82065
82066	82066
82079	82079
82087	82087
82106	82106
82112	KING933
82230	82230
82443	KING558
82501	82501
82513	82513
82531	82531
82536	KING774
82540	82540
82551	KING867
82629	KING647
82802	82802
82919	KING367
82993	KING950
83018	KING884
83278	83278
83280	83280
83283	KING427
83287	83287
83296	83296
83298	83298
83379	KING924
83391	83391
83748	83748
84039	84039
84058	KING914
84103	84103
84111	84111
84117	84117
84120	84120
84125	KING928
84353	84353
84470	84470
84472	84472
84474	84474
84480	84480
84483	84483
84486	84486
84488	84488
84563	84563
84568	KING916
84594	84594
84608	84608
84804	84804
84817	84817
84887	84887
85016	85016
85029	85029
85119	85119
85126	KING839
85152	85152
85172	KING943
85175	KING926
85278	85278
85406	85406
85434	85434
85991	85991
86048	86048
86053	86053
86247	KING922
86362	KING717
86512	86512
86677	86677
86701	86701
86720	86720
86954	86954
86995	86995
87028	KING872
87056	87056
87072	87072
87084	KING977
87193	87193
87294	87294
87295	87295
87320	87320
87500	KING945
87552	87552
87556	87556
87558	KING911
87568	KING951
87679	87679
87741	KING856
87808	87808
87866	KING961
87968	87968
87991	87991
88020	88020
88039	88039
88041	88041
88199	88199
88393	KING862
88448	88448
88453	88453
88529	88529
88537	88537
88542	88542
88549	KING962
88551	88551
88614	KING826
88675	88675
88859	KING842
88935	88935
89007	89007
89025	KING784
89027	89027
89354	KING961
89373	89373
89379	KING496
89459	89459
89480	KING817
89483	89483
89527	89527
89676	89676
89795	KING937
89943	KING963
89957	89957
89976	89976
89987	KING958
90023	90023
90024	KING847
90179	90179
90385	90385
90400	KING559
90444	90444
90459	90459
90530	KING611
90532	KING883
90535	KING857
90917	90917
90977	KING921
91048	91048
91060	91060
91063	91063
91169	91169
91294	91294
91313	KING953
91316	91316
91394	91394
91571	KING669
91580	KING669
91609	91609
91631	91631
91640	91640
92030	92030
92034	92034
92043	92043
92046	92046
92049	92049
92115	KING906
92117	KING897
92221	92221
92222	92222
92229	92229
92234	92234
92235	KING877
92324	92324
92552	92552
92562	92562
92655	92655
92955	92955
93008	KING582
93069	93069
93091	93091
93104	93104
93125	KING763
93127	93127
93160	93160
93161	93161
93163	93163
93167	93167
93175	KING941
93186	93186
93193	93193
93194	93194
93195	93195
93196	93196
93373	93373
93674	KING927
93679	93679
93685	93685
93690	93690
93733	93733
93916	93916
93988	93988
93991	KING904
94231	94231
94286	KING850
94341	94341
94440	94440
94445	94445
94824	94824
94838	94838
94896	94896
94912	KING828
95089	KING940
95109	95109
95114	95114
95464	95464
95466	95466
95809	95809
95851	KING947
95909	95909
95912	95912
95926	95926
95930	95930
95934	95934
95940	KING964
95946	95946
95987	95987
96022	96022
96068	96068
96497	96497
96518	96518
96538	96538
96568	96568
96701	96701
96704	96704
96808	KING697
96937	96937
96991	96991
97009	97009
97018	97018
97111	97111
97121	97121
97138	97138
97142	97142
97662	97662
97676	97676
97923	97923
97930	KING925
97942	KING555
97959	KING813
98023	98023
98094	98094
98173	98173
98174	98174
98236	98236
98270	KING865
98448	98448
98464	98464
98850	KING944
98855	98855
98861	98861
98865	98865
99300	99300
99652	99652
99732	99732
99778	KING794
99801	99801
99811	KING965
99837	99837
99839	99839
99983	KING946
100139	100139
100154	100154
100155	100155
100252	100252
100262	KING952
100788	100788
100802	100802
100814	100814
100846	KING955
101029	101029
101419	101419
101680	101680
101702	101702
101889	101889
101977	101977
102007	102007
102020	102020
102183	102183
102184	102184
102224	KING840
102362	102362
102432	102432
102469	102469
102473	102473
102480	102480
102488	102488
102569	102569
102595	102595
102659	102659
102683	KING966
102693	102693
102928	KING871
102942	KING962
102955	102955
102977	102977
103007	103007
103013	KING893
103042	103042
103046	103046
103056	103056
103356	103356
103694	103694
103726	103726
103735	103735
103742	103742
103815	103815
103909	103909
104008	KING831
104303	104303
104325	104325
104380	104380
104392	104392
104393	KING708
104953	104953
105364	105364
105380	105380
105384	KING873
105429	105429
105469	105469
105668	105668
105824	105824
106011	106011
106161	106161
106201	106201
106391	106391
106478	106478
106717	106717
106736	106736
106752	106752
106753	106753
106770	106770
106997	106997
107306	107306
107320	107320
107342	107342
107366	107366
107664	KING760
107794	107794
107800	107800
107802	107802
107951	KING863
108021	108021
108518	108518
108546	108546
108554	108554
108568	108568
108573	108573
108595	KING960
109351	109351
109549	109549
109591	109591
109621	109621
109622	109622
109956	109956
109957	109957
110250	110250
110322	110322
110394	110394
110395	110395
110406	KING890
110728	KING883
110742	110742
110972	110972
110994	110994
111004	111004
111143	KING870
111148	111148
111175	111175
111346	111346
111369	111369
111675	111675
111813	111813
111933	111933
111943	111943
112110	112110
112510	112510
112626	112626
112660	112660
112690	112690
112982	112982
112996	112996
113442	113442
113473	113473
113632	113632
113682	113682
113762	KING959
114284	114284
114353	114353
114356	114356
114553	114553
114571	KING562
114917	KING948
115005	115005
115018	115018
115267	115267
115311	115311
115316	115316
115327	115327
115332	115332
115478	115478
115487	115487
115493	115493
115496	115496
115504	115504
115892	115892
115900	115900
116266	116266
116392	KING843
116524	116524
116551	116551
116559	116559
116663	116663
116760	116760
116912	116912
117103	KING954
117377	117377
117403	KING966
117532	117532
117600	117600
117727	117727
117931	117931
118046	118046
118130	118130
118209	118209
118864	118864
118920	118920
118948	118948
119533	119533
119546	119546
119571	119571
119708	KING889
119713	KING942
119863	119863
120460	120460
120489	120489
120491	120491
120802	KING923
120916	120916
120984	KING965
121268	121268
121515	121515
121554	121554
121651	121651
121943	121943
121946	121946
121952	121952
122326	KING501
122480	KING949
122491	122491
122493	122493
122494	KING964
122786	122786
123264	123264
124125	KING717
124229	124229
124278	124278
124281	124281
124438	KING856
124601	124601
124897	KING963
124914	KING382
124954	124954
124965	124965
124973	124973
125525	125525
125526	125526
125538	125538
125545	125545
126136	126136
126142	126142
126157	KING861
126741	KING891
126939	126939
127060	127060
127071	127071
127072	127072
127073	127073
127074	127074
127075	127075
127076	KING957
127077	KING894
127085	127085
127088	127088
127736	127736
127741	127741
128170	128170
128805	KING956
128875	128875
128999	128999
129074	129074
129086	129086
129201	129201
129224	129224
129647	129647
129918	KING542
130632	130632
131366	KING717
132560	132560
132878	132878
132879	132879
136522	136522
137585	137585
